version https://git-lfs.github.com/spec/v1
oid sha256:d04edaebdf101c5d688f3878b994c42abc1c3b9bd756e95e9b01cb598d039907
size 867055
