version https://git-lfs.github.com/spec/v1
oid sha256:53efc798e3ac94babe245e9e22dbb4fbf0606ef9e9f6f54f1a5956314a9c3b31
size 2644238
