version https://git-lfs.github.com/spec/v1
oid sha256:47057fa171f181ec3cf343dcc504cb069df497fda18355e72d78a3f804146b63
size 2164972
